7.589000000000000000e+03 7.589000000000000000e+03 1.000000000000000000e+00
7.590000000000000000e+03 7.590000000000000000e+03 1.000000000000000000e+00
7.591000000000000000e+03 7.591000000000000000e+03 1.000000000000000000e+00
7.592000000000000000e+03 7.592000000000000000e+03 1.000000000000000000e+00
7.593000000000000000e+03 7.593000000000000000e+03 1.000000000000000000e+00
7.594000000000000000e+03 7.594000000000000000e+03 1.000000000000000000e+00
7.595000000000000000e+03 7.595000000000000000e+03 1.000000000000000000e+00
7.596000000000000000e+03 7.596000000000000000e+03 1.000000000000000000e+00
7.597000000000000000e+03 7.597000000000000000e+03 1.000000000000000000e+00
7.598000000000000000e+03 7.598000000000000000e+03 1.000000000000000000e+00
7.599000000000000000e+03 7.599000000000000000e+03 1.000000000000000000e+00
7.600000000000000000e+03 7.600000000000000000e+03 1.000000000000000000e+00
7.601000000000000000e+03 7.601000000000000000e+03 1.000000000000000000e+00
7.602000000000000000e+03 7.602000000000000000e+03 1.000000000000000000e+00
7.603000000000000000e+03 7.603000000000000000e+03 1.000000000000000000e+00
7.604000000000000000e+03 7.604000000000000000e+03 1.000000000000000000e+00
7.605000000000000000e+03 7.605000000000000000e+03 1.000000000000000000e+00
7.606000000000000000e+03 7.606000000000000000e+03 1.000000000000000000e+00
7.607000000000000000e+03 7.607000000000000000e+03 1.000000000000000000e+00
7.608000000000000000e+03 7.608000000000000000e+03 1.000000000000000000e+00
7.609000000000000000e+03 7.609000000000000000e+03 1.000000000000000000e+00
7.610000000000000000e+03 7.610000000000000000e+03 1.000000000000000000e+00
7.611000000000000000e+03 7.611000000000000000e+03 1.000000000000000000e+00
7.612000000000000000e+03 7.612000000000000000e+03 1.000000000000000000e+00
7.613000000000000000e+03 7.613000000000000000e+03 1.000000000000000000e+00
7.614000000000000000e+03 7.614000000000000000e+03 1.000000000000000000e+00
7.615000000000000000e+03 7.615000000000000000e+03 1.000000000000000000e+00
7.616000000000000000e+03 7.616000000000000000e+03 1.000000000000000000e+00
7.617000000000000000e+03 7.617000000000000000e+03 1.000000000000000000e+00
7.618000000000000000e+03 7.618000000000000000e+03 1.000000000000000000e+00
7.619000000000000000e+03 7.619000000000000000e+03 1.000000000000000000e+00
7.620000000000000000e+03 7.620000000000000000e+03 1.000000000000000000e+00
7.621000000000000000e+03 7.621000000000000000e+03 1.000000000000000000e+00
7.622000000000000000e+03 7.622000000000000000e+03 1.000000000000000000e+00
7.623000000000000000e+03 7.623000000000000000e+03 1.000000000000000000e+00
7.624000000000000000e+03 7.624000000000000000e+03 1.000000000000000000e+00
7.625000000000000000e+03 7.625000000000000000e+03 1.000000000000000000e+00
7.626000000000000000e+03 7.626000000000000000e+03 1.000000000000000000e+00
7.627000000000000000e+03 7.627000000000000000e+03 1.000000000000000000e+00
7.628000000000000000e+03 7.628000000000000000e+03 1.000000000000000000e+00
7.629000000000000000e+03 7.629000000000000000e+03 1.000000000000000000e+00
7.630000000000000000e+03 7.630000000000000000e+03 1.000000000000000000e+00
7.631000000000000000e+03 7.631000000000000000e+03 1.000000000000000000e+00
7.632000000000000000e+03 7.632000000000000000e+03 1.000000000000000000e+00
7.633000000000000000e+03 7.633000000000000000e+03 1.000000000000000000e+00
7.634000000000000000e+03 7.634000000000000000e+03 1.000000000000000000e+00
7.635000000000000000e+03 7.635000000000000000e+03 1.000000000000000000e+00
7.636000000000000000e+03 7.636000000000000000e+03 1.000000000000000000e+00
7.637000000000000000e+03 7.637000000000000000e+03 1.000000000000000000e+00
7.638000000000000000e+03 7.638000000000000000e+03 1.000000000000000000e+00
7.639000000000000000e+03 7.639000000000000000e+03 1.000000000000000000e+00
7.640000000000000000e+03 7.640000000000000000e+03 1.000000000000000000e+00
7.641000000000000000e+03 7.641000000000000000e+03 1.000000000000000000e+00
7.642000000000000000e+03 7.642000000000000000e+03 1.000000000000000000e+00
7.643000000000000000e+03 7.643000000000000000e+03 1.000000000000000000e+00
7.644000000000000000e+03 7.644000000000000000e+03 1.000000000000000000e+00
7.645000000000000000e+03 7.645000000000000000e+03 1.000000000000000000e+00
7.646000000000000000e+03 7.646000000000000000e+03 1.000000000000000000e+00
7.647000000000000000e+03 7.647000000000000000e+03 1.000000000000000000e+00
7.648000000000000000e+03 7.648000000000000000e+03 1.000000000000000000e+00
7.649000000000000000e+03 7.649000000000000000e+03 1.000000000000000000e+00
7.650000000000000000e+03 7.650000000000000000e+03 1.000000000000000000e+00
7.651000000000000000e+03 7.651000000000000000e+03 1.000000000000000000e+00
7.652000000000000000e+03 7.652000000000000000e+03 1.000000000000000000e+00
7.653000000000000000e+03 7.653000000000000000e+03 1.000000000000000000e+00
7.654000000000000000e+03 7.654000000000000000e+03 1.000000000000000000e+00
7.655000000000000000e+03 7.655000000000000000e+03 1.000000000000000000e+00
7.656000000000000000e+03 7.656000000000000000e+03 1.000000000000000000e+00
7.657000000000000000e+03 7.657000000000000000e+03 1.000000000000000000e+00
7.658000000000000000e+03 7.658000000000000000e+03 1.000000000000000000e+00
7.659000000000000000e+03 7.659000000000000000e+03 1.000000000000000000e+00
7.660000000000000000e+03 7.660000000000000000e+03 1.000000000000000000e+00
7.661000000000000000e+03 7.661000000000000000e+03 1.000000000000000000e+00
7.662000000000000000e+03 7.662000000000000000e+03 1.000000000000000000e+00
7.663000000000000000e+03 7.663000000000000000e+03 1.000000000000000000e+00
7.664000000000000000e+03 7.664000000000000000e+03 1.000000000000000000e+00
7.665000000000000000e+03 7.665000000000000000e+03 1.000000000000000000e+00
7.666000000000000000e+03 7.666000000000000000e+03 1.000000000000000000e+00
7.667000000000000000e+03 7.667000000000000000e+03 1.000000000000000000e+00
7.668000000000000000e+03 7.668000000000000000e+03 1.000000000000000000e+00
7.669000000000000000e+03 7.669000000000000000e+03 1.000000000000000000e+00
7.670000000000000000e+03 7.670000000000000000e+03 1.000000000000000000e+00
7.671000000000000000e+03 7.671000000000000000e+03 1.000000000000000000e+00
7.672000000000000000e+03 7.672000000000000000e+03 1.000000000000000000e+00
7.673000000000000000e+03 7.673000000000000000e+03 1.000000000000000000e+00
7.674000000000000000e+03 7.674000000000000000e+03 1.000000000000000000e+00
7.675000000000000000e+03 7.675000000000000000e+03 1.000000000000000000e+00
7.676000000000000000e+03 7.676000000000000000e+03 1.000000000000000000e+00
7.677000000000000000e+03 7.677000000000000000e+03 1.000000000000000000e+00
7.678000000000000000e+03 7.678000000000000000e+03 1.000000000000000000e+00
7.679000000000000000e+03 7.679000000000000000e+03 1.000000000000000000e+00
7.680000000000000000e+03 7.680000000000000000e+03 1.000000000000000000e+00
7.681000000000000000e+03 7.681000000000000000e+03 1.000000000000000000e+00
7.682000000000000000e+03 7.682000000000000000e+03 1.000000000000000000e+00
7.683000000000000000e+03 7.683000000000000000e+03 1.000000000000000000e+00
7.684000000000000000e+03 7.684000000000000000e+03 1.000000000000000000e+00
7.685000000000000000e+03 7.685000000000000000e+03 1.000000000000000000e+00
7.686000000000000000e+03 7.686000000000000000e+03 1.000000000000000000e+00
7.687000000000000000e+03 7.687000000000000000e+03 1.000000000000000000e+00
7.688000000000000000e+03 7.688000000000000000e+03 1.000000000000000000e+00
7.689000000000000000e+03 7.689000000000000000e+03 1.000000000000000000e+00
7.690000000000000000e+03 7.690000000000000000e+03 1.000000000000000000e+00
7.691000000000000000e+03 7.691000000000000000e+03 1.000000000000000000e+00
7.692000000000000000e+03 7.692000000000000000e+03 1.000000000000000000e+00
7.693000000000000000e+03 7.693000000000000000e+03 1.000000000000000000e+00
7.694000000000000000e+03 7.694000000000000000e+03 1.000000000000000000e+00
7.695000000000000000e+03 7.695000000000000000e+03 1.000000000000000000e+00
7.696000000000000000e+03 7.696000000000000000e+03 1.000000000000000000e+00
7.697000000000000000e+03 7.697000000000000000e+03 1.000000000000000000e+00
7.698000000000000000e+03 7.698000000000000000e+03 1.000000000000000000e+00
7.699000000000000000e+03 7.699000000000000000e+03 1.000000000000000000e+00
7.700000000000000000e+03 7.700000000000000000e+03 1.000000000000000000e+00
7.701000000000000000e+03 7.701000000000000000e+03 1.000000000000000000e+00
7.702000000000000000e+03 7.702000000000000000e+03 1.000000000000000000e+00
7.703000000000000000e+03 7.703000000000000000e+03 1.000000000000000000e+00
7.704000000000000000e+03 7.704000000000000000e+03 1.000000000000000000e+00
7.705000000000000000e+03 7.705000000000000000e+03 1.000000000000000000e+00
7.706000000000000000e+03 7.706000000000000000e+03 1.000000000000000000e+00
7.707000000000000000e+03 7.707000000000000000e+03 1.000000000000000000e+00
7.708000000000000000e+03 7.708000000000000000e+03 1.000000000000000000e+00
7.709000000000000000e+03 7.709000000000000000e+03 1.000000000000000000e+00
7.710000000000000000e+03 7.710000000000000000e+03 1.000000000000000000e+00
7.711000000000000000e+03 7.711000000000000000e+03 1.000000000000000000e+00
7.712000000000000000e+03 7.712000000000000000e+03 1.000000000000000000e+00
7.713000000000000000e+03 7.713000000000000000e+03 1.000000000000000000e+00
7.714000000000000000e+03 7.714000000000000000e+03 1.000000000000000000e+00
7.715000000000000000e+03 7.715000000000000000e+03 1.000000000000000000e+00
7.716000000000000000e+03 7.716000000000000000e+03 1.000000000000000000e+00
7.717000000000000000e+03 7.717000000000000000e+03 1.000000000000000000e+00
7.718000000000000000e+03 7.718000000000000000e+03 1.000000000000000000e+00
7.719000000000000000e+03 7.719000000000000000e+03 1.000000000000000000e+00
7.720000000000000000e+03 7.720000000000000000e+03 1.000000000000000000e+00
7.721000000000000000e+03 7.721000000000000000e+03 1.000000000000000000e+00
7.722000000000000000e+03 7.722000000000000000e+03 1.000000000000000000e+00
7.723000000000000000e+03 7.723000000000000000e+03 1.000000000000000000e+00
7.724000000000000000e+03 7.724000000000000000e+03 1.000000000000000000e+00
7.725000000000000000e+03 7.725000000000000000e+03 1.000000000000000000e+00
7.726000000000000000e+03 7.726000000000000000e+03 1.000000000000000000e+00
7.727000000000000000e+03 7.727000000000000000e+03 1.000000000000000000e+00
7.728000000000000000e+03 7.728000000000000000e+03 1.000000000000000000e+00
7.729000000000000000e+03 7.729000000000000000e+03 1.000000000000000000e+00
7.730000000000000000e+03 7.730000000000000000e+03 1.000000000000000000e+00
7.731000000000000000e+03 7.731000000000000000e+03 1.000000000000000000e+00
7.732000000000000000e+03 7.732000000000000000e+03 1.000000000000000000e+00
7.733000000000000000e+03 7.733000000000000000e+03 1.000000000000000000e+00
7.734000000000000000e+03 7.734000000000000000e+03 1.000000000000000000e+00
7.735000000000000000e+03 7.735000000000000000e+03 1.000000000000000000e+00
7.736000000000000000e+03 7.736000000000000000e+03 1.000000000000000000e+00
7.737000000000000000e+03 7.737000000000000000e+03 1.000000000000000000e+00
7.738000000000000000e+03 7.738000000000000000e+03 1.000000000000000000e+00
7.739000000000000000e+03 7.739000000000000000e+03 1.000000000000000000e+00
7.740000000000000000e+03 7.740000000000000000e+03 1.000000000000000000e+00
7.741000000000000000e+03 7.741000000000000000e+03 1.000000000000000000e+00
7.742000000000000000e+03 7.742000000000000000e+03 1.000000000000000000e+00
7.743000000000000000e+03 7.743000000000000000e+03 1.000000000000000000e+00
7.744000000000000000e+03 7.744000000000000000e+03 1.000000000000000000e+00
7.745000000000000000e+03 7.745000000000000000e+03 1.000000000000000000e+00
7.746000000000000000e+03 7.746000000000000000e+03 1.000000000000000000e+00
7.747000000000000000e+03 7.747000000000000000e+03 1.000000000000000000e+00
7.748000000000000000e+03 7.748000000000000000e+03 1.000000000000000000e+00
7.749000000000000000e+03 7.749000000000000000e+03 1.000000000000000000e+00
7.750000000000000000e+03 7.750000000000000000e+03 1.000000000000000000e+00
7.751000000000000000e+03 7.751000000000000000e+03 1.000000000000000000e+00
7.752000000000000000e+03 7.752000000000000000e+03 1.000000000000000000e+00
7.753000000000000000e+03 7.753000000000000000e+03 1.000000000000000000e+00
7.754000000000000000e+03 7.754000000000000000e+03 1.000000000000000000e+00
